0.03938189893960953
0.04431723430752754
0.04059915244579315
0.053048405796289444
-0.04950202256441116
-0.038996584713459015
0.0010237619280815125
-0.09109682589769363
0.11763662844896317
-0.06380541622638702
0.1857554167509079
-0.00874892808496952
-0.256374329328537
-0.06948699802160263
0.06024175137281418
0.06525473296642303
-0.0591266043484211
-0.07728933542966843
-0.16323865950107574
-0.09049703180789948
0.0028458728920668364
-0.03858262673020363
0.06870212405920029
-0.04216961935162544
-0.11061086505651474
-0.3068675994873047
-0.07854923605918884
-0.11295237392187119
0.10618949681520462
-0.12909026443958282
-0.016787458211183548
0.03974998742341995
-0.19552913308143616
-0.09096481651067734
0.026017455384135246
0.0506967231631279
-0.0208763238042593
-0.04618058726191521
0.26382988691329956
-0.04835939407348633
-0.18108133971691132
0.007166159339249134
0.022780366241931915
0.14333756268024445
0.12981431186199188
0.021627599373459816
0.07833586633205414
-0.0700192004442215
0.06379427015781403
-0.23227281868457794
0.08309070765972137
0.1130177453160286
0.06663905829191208
0.07727545499801636
0.1217130646109581
-0.19170613586902618
-0.028586294502019882
0.10102023184299469
-0.14399392902851105
0.10534980148077011
0.05554682016372681
-0.15241876244544983
-0.09384205937385559
-0.05053180828690529
0.15408621728420258
0.05221360921859741
-0.07511039823293686
-0.13267314434051514
0.14608387649059296
-0.15516768395900726
-0.012947208248078823
0.07989009469747543
-0.04032362252473831
-0.13697770237922668
-0.32632216811180115
0.06562575697898865
0.3670666813850403
0.14503999054431915
-0.1780017614364624
0.06251677870750427
-0.0977122038602829
-0.04694953188300133
0.03917279466986656
0.05405291169881821
-0.01578890159726143
0.034192025661468506
-0.06726230680942535
0.07852698862552643
0.14153000712394714
-0.06075390428304672
0.001170791918411851
0.1387426257133484
-0.07375344634056091
0.08199533820152283
-0.01818186417222023
0.06040346622467041
-0.1346275806427002
-0.042439788579940796
-0.08986348658800125
0.009171941317617893
0.14043019711971283
-0.10173830389976501
0.045452751219272614
0.07707855105400085
-0.17333835363388062
0.08851207792758942
-0.05737113952636719
-0.07940950989723206
0.03399614244699478
0.00031639100052416325
-0.05802476778626442
0.009763641282916069
0.160901740193367
-0.3193160891532898
0.27120864391326904
0.2030973583459854
-0.0718025267124176
0.11920356750488281
0.0658152624964714
0.08380768448114395
0.027440723031759262
-0.027748404070734978
-0.19587084650993347
-0.12729379534721375
-0.02169805020093918
0.03923514112830162
-0.0023617856204509735
0.032874636352062225
Sunil Khandelwal
0.023333609104156494
0.024270225316286087
0.04032972827553749
0.0671376958489418
-0.03967594727873802
-0.003245661500841379
-0.040823452174663544
-0.1011781394481659
0.13327111303806305
-0.0739234983921051
0.13748377561569214
-0.056189391762018204
-0.22576536238193512
-0.07393229007720947
0.021780600771307945
0.08443361520767212
-0.08182480186223984
-0.11878609657287598
-0.11272826790809631
-0.13461969792842865
0.024220582097768784
0.013722443953156471
0.007322931196540594
-0.003944345749914646
-0.14831165969371796
-0.34269601106643677
-0.09548454731702805
-0.2055755853652954
0.0523635670542717
-0.08850108832120895
-0.04239649698138237
0.022041328251361847
-0.12521615624427795
-0.03089817240834236
0.01830887421965599
0.07215225696563721
-0.056402064859867096
-0.06329472362995148
0.2336989790201187
-0.019062794744968414
-0.13032564520835876
0.021691301837563515
0.03347904980182648
0.1980556845664978
0.1442672610282898
0.04285997897386551
0.08276186883449554
-0.07401637732982635
0.11862564831972122
-0.23211120069026947
0.06438544392585754
0.17015118896961212
0.12419797480106354
0.09101764857769012
0.15505707263946533
-0.1793353259563446
-0.0034572258591651917
0.11381601542234421
-0.2122524380683899
0.18072281777858734
0.04650314524769783
-0.09519258886575699
-0.07648224383592606
-0.046646881848573685
0.16980628669261932
0.08699151128530502
-0.09997500479221344
-0.10648123919963837
0.1429261565208435
-0.20794318616390228
-0.012068463489413261
0.07949554920196533
-0.09758887439966202
-0.21923674643039703
-0.29959169030189514
0.05450071394443512
0.43193021416664124
0.16384458541870117
-0.15996161103248596
0.01891026273369789
-0.05200188234448433
-0.041260961443185806
0.09936893731355667
0.057170428335666656
-0.046077631413936615
-0.06275799870491028
-0.08177594095468521
0.06622693687677383
0.1508750170469284
-0.054323598742485046
0.02424112893640995
0.15371891856193542
-0.07695025950670242
0.06540431082248688
-0.06731808930635452
0.05637560039758682
-0.13377459347248077
0.019438868388533592
-0.007543629035353661
0.03891172260046005
0.09514269232749939
-0.11983989179134369
0.06254598498344421
0.04324959218502045
-0.15819767117500305
0.0756637379527092
-0.05820954591035843
-0.052429720759391785
0.021489346399903297
0.0036820664536207914
-0.12427952140569687
0.0120852030813694
0.22922204434871674
-0.3182000517845154
0.195975661277771
0.2072288691997528
-0.060277312994003296
0.13448095321655273
0.017888551577925682
0.10797984898090363
-0.014861207455396652
-0.06649128347635269
-0.26206082105636597
-0.06802038848400116
-0.03991543874144554
0.02092926576733589
-0.06277197599411011
0.03319436311721802
Sunil Khandelwal
-0.0495586171746254
0.04979228228330612
0.044167131185531616
-0.09827272593975067
-0.13808991014957428
0.08833122253417969
-0.03571432828903198
-0.0870707780122757
0.2683703303337097
-0.1921055167913437
0.213637113571167
0.07092101871967316
-0.27680346369743347
-0.052834849804639816
0.02642001584172249
0.16346655786037445
-0.12466207146644592
-0.13513213396072388
-0.13971541821956635
-0.04948078840970993
0.011562801897525787
0.028651880100369453
0.015975719317793846
0.0520363450050354
-0.12139827013015747
-0.3325343728065491
-0.0746651291847229
-0.13901259005069733
0.032600294798612595
-0.051055505871772766
-0.05152948200702667
0.012524893507361412
-0.16056595742702484
-0.06876788288354874
0.033045150339603424
0.009545616805553436
-0.05391118302941322
-0.06811337918043137
0.22567813098430634
-0.01984984800219536
-0.23602087795734406
-0.037844911217689514
0.06152886152267456
0.101639524102211
0.1431160420179367
0.008028797805309296
0.07857091724872589
-0.1301344931125641
0.11826291680335999
-0.23894767463207245
0.09978387504816055
0.15023812651634216
0.08479828387498856
0.08607792109251022
0.16320013999938965
-0.17315390706062317
0.011424440890550613
0.16551300883293152
-0.1477583348751068
0.03052181378006935
0.03259000927209854
-0.0335116982460022
-0.10961145162582397
-0.01581542380154133
0.19174672663211823
0.08255130797624588
-0.10702104866504669
-0.16974136233329773
0.19280900061130524
-0.10554207861423492
-0.07421692460775375
0.1076991856098175
-0.11585129052400589
-0.16652125120162964
-0.22621075809001923
0.023147674277424812
0.48200175166130066
0.1582842916250229
-0.2028464525938034
0.05487724021077156
-0.138861283659935
-0.09485529363155365
0.03343166038393974
0.05472270026803017
-0.01352650299668312
-0.05625656247138977
-0.008685005828738213
0.027800526469945908
0.15211121737957
-0.0008141901344060898
0.05809157341718674
0.23159368336200714
0.05332619696855545
-0.014620807953178883
0.022618286311626434
0.09757842123508453
-0.10684486478567123
-0.03449377790093422
-0.10745120048522949
-0.07807154953479767
0.09475311636924744
-0.0278337225317955
0.004520183429121971
0.057722002267837524
-0.26171448826789856
0.17047570645809174
-0.011869600042700768
-0.06088202819228172
0.06733039021492004
0.02076336368918419
-0.06541106104850769
-0.022890867665410042
0.1579018235206604
-0.2879982888698578
0.16752715408802032
0.13190290331840515
-0.02316133677959442
0.1568073332309723
0.045949786901474
0.1004965677857399
0.015139768831431866
-0.0924854576587677
-0.20090851187705994
-0.14641180634498596
0.0742073655128479
-0.03153007850050926
0.02336677350103855
0.015072127804160118
Sarita Khandelwal
-0.097526416182518
0.06091536208987236
0.021484047174453735
-0.060667261481285095
-0.10669831186532974
-0.01800951361656189
0.03370782732963562
-0.09473437815904617
0.2578323185443878
-0.12021191418170929
0.23188185691833496
-0.004338440485298634
-0.19379295408725739
-0.1100921705365181
-0.025436073541641235
0.1137717217206955
-0.15686093270778656
-0.10993577539920807
-0.09671030938625336
-0.10369397699832916
0.029595306143164635
0.0018781889230012894
0.024643365293741226
0.0805911123752594
-0.11661344766616821
-0.3620269298553467
-0.096074178814888
-0.07054239511489868
0.08950186520814896
-0.0247846357524395
-0.009611287154257298
0.0400015190243721
-0.20310625433921814
-0.08563394099473953
-0.024952422827482224
0.08850017189979553
-0.01293470710515976
-0.03796790912747383
0.15584434568881989
-0.019956372678279877
-0.17102952301502228
0.05193434655666351
0.024409500882029533
0.24274952709674835
0.16244816780090332
0.0838940292596817
0.021764032542705536
-0.07432179898023605
0.10576051473617554
-0.24222886562347412
0.129874587059021
0.12557682394981384
0.10563604533672333
0.004618083126842976
0.09967068582773209
-0.1736595332622528
0.01289215125143528
0.199046790599823
-0.20487719774246216
0.10898177325725555
0.049041878432035446
-0.06328321248292923
-0.01063781138509512
-0.002407853491604328
0.19975197315216064
0.14623120427131653
-0.1018993929028511
-0.11327163130044937
0.14748868346214294
-0.1791752576828003
-0.0032845349051058292
0.06835880130529404
-0.07508623600006104
-0.21010185778141022
-0.29517489671707153
0.12170444428920746
0.536567211151123
0.2355908751487732
-0.176610067486763
0.001851099543273449
-0.08723064512014389
0.008451646193861961
0.1560046225786209
0.06004608795046806
-0.11673577129840851
-0.08067397773265839
-0.18105052411556244
0.0270039364695549
0.1459311842918396
0.066477932035923
-0.07270550727844238
0.2686581611633301
0.028574848547577858
0.03706084564328194
-0.016819627955555916
0.03702327236533165
-0.13788823783397675
0.04088403657078743
-0.09303531795740128
-0.035529717803001404
0.10454276949167252
-0.04779685288667679
0.00907331332564354
0.0758664608001709
-0.18063697218894958
0.15596804022789001
-0.02413785830140114
-0.0054921493865549564
0.021639151498675346
0.034328315407037735
-0.07009607553482056
-0.00204542838037014
0.13172174990177155
-0.27195876836776733
0.19685542583465576
0.15508899092674255
0.03849214315414429
0.23965543508529663
0.09082872420549393
0.06878194957971573
0.04105178639292717
-0.09035936743021011
-0.13962839543819427
-0.0604216642677784
0.03330868482589722
-0.07610729336738586
0.1529523879289627
0.07641386985778809
hardik khandelwal
-0.11916089802980423
0.04882239177823067
0.05681046098470688
-0.006926487199962139
-0.09443686902523041
-0.060571130365133286
-0.015980808064341545
-0.09841382503509521
0.16804924607276917
-0.09824952483177185
0.1270546317100525
-0.04415467008948326
-0.15311786532402039
-0.013256309553980827
-0.03542611747980118
0.11833010613918304
-0.08722753822803497
-0.15605266392230988
-0.09119225293397903
-0.09542034566402435
0.02228669635951519
0.11709699034690857
-0.009973057545721531
0.008175920695066452
-0.13631603121757507
-0.3554559350013733
-0.09383586049079895
-0.06771484017372131
0.03273799642920494
0.004304060712456703
0.03430286422371864
0.07957937568426132
-0.22378337383270264
-0.052353788167238235
0.07381509244441986
0.1103370264172554
-0.04883739352226257
-0.009261314757168293
0.21782034635543823
0.009363423101603985
-0.22799670696258545
0.010773606598377228
0.07572115957736969
0.26262980699539185
0.11875838786363602
0.06377611309289932
0.020353566855192184
-0.12004691362380981
0.12239610403776169
-0.13686272501945496
0.09421267360448837
0.18017877638339996
0.09370884299278259
0.07005093991756439
0.0585685670375824
-0.05652841925621033
0.08202449977397919
0.13196101784706116
-0.2104772925376892
0.045672252774238586
0.13988278806209564
-0.09246675670146942
-0.03284648060798645
-0.023972174152731895
0.19723710417747498
0.05019562318921089
-0.07221329212188721
-0.15120622515678406
0.18003784120082855
-0.22019419074058533
-0.0703190416097641
0.1081538125872612
-0.07027029246091843
-0.1358337253332138
-0.3411935865879059
-0.0012614764273166656
0.4834146499633789
0.11898582428693771
-0.1552460938692093
0.02309279516339302
-0.031628601253032684
-0.018703095614910126
0.1653645634651184
0.1333846151828766
-0.07882905751466751
-0.03063860349357128
-0.07857497036457062
0.007585668936371803
0.2540622651576996
0.06810168921947479
-0.07649806141853333
0.1573045253753662
0.07434183359146118
0.01734369434416294
0.02117396891117096
0.053550150245428085
-0.08869914710521698
-0.06800100952386856
-0.06897236406803131
-0.021273192018270493
0.005279612727463245
0.005556926131248474
-0.02871137298643589
0.1719226837158203
-0.16569703817367554
0.23155151307582855
-0.023765215650200844
-0.0034346971660852432
0.004287942312657833
0.05687648057937622
-0.019067058339715004
-0.07629122585058212
0.08899582922458649
-0.22284911572933197
0.11413132399320602
0.09897854179143906
-0.04300479590892792
0.141094371676445
0.009787867777049541
0.11102138459682465
-0.06262671947479248
-0.021593132987618446
-0.2459600865840912
-0.11870544403791428
0.0335330106317997
-0.029129257425665855
0.11323827505111694
0.05174284800887108
rachita khandelwal